---
12:
  rating: 1502.22
  match_count: 10
13:
  rating: 1725.4199999999998
  match_count: 13
27:
  rating: 1611.1700000000003
  match_count: 13
29:
  rating: 1564.1799999999998
  match_count: 4
